year	day	meanValue	medianValue	hoMedian	meanDegree	medianDegree	addCount	txCount
2016	1	6.959679875078849E8	10000.0	4286.0	3.5941686129087813	1.0	262578	126626
2016	2	7.115028234152615E8	6000.0	4046.0	3.132268104084848	1.0	330278	147300
2016	3	6.107959466237264E8	15000.0	4848.0	3.194347762356263	1.0	345720	148506
2016	4	6.304551557959498E8	9000.0	6646.0	4.0691017175075	1.0	357762	185109
2016	5	7.594933744750453E8	14000.0	8750.0	3.930727846394351	1.0	336544	178575
2016	6	8.131110030692942E8	13000.0	9116.0	4.198789604841201	1.0	347101	184049
2016	7	7.761456547432859E8	12650.0	4930.0	3.9996021910097124	1.0	345271	186212
2016	8	6.124127607998291E8	10000.0	5358.0	3.7725088760643697	1.0	325062	174522
2016	9	5.0532728245148367E8	5500.0	8000.0	3.35016965247899	1.0	389572	176746
2016	10	8.022894059930546E8	10000.0	7046.0	4.504736206201928	1.0	374396	163886
2016	11	8.720011525888462E8	10000.0	12182.0	3.825125228547083	1.0	370665	196699
2016	12	7.048955996183351E8	12609.0	6034.0	3.9003882498130986	1.0	364591	195577
2016	13	7.158946136066651E8	13001.07	7490.0	4.580459121666597	1.0	348775	186201
2016	14	7.047106224489739E8	13292.479999999998	5972.0	4.1514001508581995	1.0	333394	174511
2016	15	9.60911424256696E8	10500.0	9722.0	3.97502883777843	1.0	382888	191212
2016	16	6.752025525600044E8	6000.0	4982.0	4.458154174926914	1.0	364797	187582
2016	17	4.728625751186172E9	6000.0	8524.0	6.353186743285756	1.0	479126	220777
2016	18	4.746620597985689E9	14000.0	4318.0	3.679893706046973	1.0	375907	198197
2016	19	4.618246397130712E9	14000.0	8148.0	9.414252820632708	1.0	389195	198646
2016	20	1.8238150953560977E9	11780.41	5284.0	3.8123182119713834	1.0	391939	207061
2016	21	2.332402895184281E9	10057.0	10212.0	3.8890064294052538	1.0	405295	221119
2016	22	5.4042697081858835E9	18000.0	9846.0	3.907985618724639	1.0	391201	207946
2016	23	2.4241675808881184E10	19000.05	4810.0	3.5673208019479508	1.0	388987	183204
2016	24	2.6597622931498413E10	6000.0	8736.0	3.313359956962735	1.0	437962	209254
2016	25	4.663899665221809E9	14000.0	9624.0	4.491652686330166	1.0	447495	232072
2016	26	5.030570138626561E9	19652.739999999998	10022.0	3.870145393267458	1.0	424318	229986
2016	27	6.680893294241348E9	19855.48	6362.0	4.00972743540523	1.0	430682	227747
2016	28	2.1356324079637637E9	14751.529999999999	10462.0	3.8518936385056226	1.0	437192	226278
2016	29	2.91376149777052E9	17764.800000000003	11096.0	3.448575150305776	1.0	417106	219718
2016	30	1.635389123853092E9	16226.340000000002	7702.0	3.4550530744852517	1.0	384570	182467
2016	31	1.6396961322256806E9	6000.0	9744.0	3.3561298582807337	1.0	421960	187040
2016	32	2.0918547737411134E9	21000.0	7866.0	3.1062318124708588	1.0	466525	242078
2016	33	1.2939228014825435E9	17502.1	13284.0	3.6995373186897003	1.0	432046	222283
2016	34	8.671131252895222E8	14829.985	10082.0	3.6207447859031467	1.0	370383	187450
2016	35	1.4527070257720537E9	21996.295	10552.0	3.6691330272926774	1.0	397318	210580
2016	36	1.5075685981576905E9	20583.18	12276.0	3.4827205854578023	1.0	419455	224505
2016	37	1.3806995030090706E9	23324.0	9712.0	3.1650343556228147	1.0	427974	221503
2016	38	1.3613622367661421E9	6000.0	9128.0	2.7597193090979837	1.0	435726	207940
2016	39	1.1236238491024852E9	11829.9	10090.0	3.782898458806522	1.0	426130	233394
2016	40	9.153708164133632E8	20853.845	4472.0	3.349471785551967	1.0	413229	239412
2016	41	1.2212673087540238E9	14000.0	11622.0	3.957155087008706	1.0	414919	225885
2016	42	1.2302156843199806E9	14996.425000000001	5784.0	3.5905430401528164	1.0	415676	217856
2016	43	1.3448950841823864E9	18647.4	2.0	4.9372971458845365	1.0	376216	189939
2016	44	1.4009625460405025E9	19096.355	9552.0	3.7901505123978967	1.0	392990	185862
2016	45	1.59642005654056E9	6000.0	10038.0	3.6665194199674835	1.0	414976	193225
2016	46	1.7969636675308707E9	16000.0	10738.0	3.6742008268881947	1.0	425696	225424
2016	47	1.7595430012198987E9	14000.0	4296.0	3.6286883944569093	1.0	409654	217618
2016	48	1.7550750899076402E9	14000.0	10170.0	4.373406905378014	1.0	443478	221657
2016	49	1.8436619306775675E9	11134.44	10606.0	4.092144404762374	1.0	419483	217072
2016	50	2.2497417690578337E9	13557.224999999999	2866.0	3.8016706437585843	1.0	421653	218744
2016	51	1.868450266661681E9	9000.0	8744.0	4.166779935085297	1.0	379596	205112
2016	52	2.1391902965721388E9	13000.0	8400.0	3.380209226940345	1.0	457303	214491
2016	53	1.6870242775455697E9	20000.0	12856.0	3.6952889075208	1.0	466058	241901
2016	54	1.6453639598259618E9	14000.0	10298.0	3.6853005521943154	1.0	449451	246494
2016	55	1.5289010563198144E9	10000.0	8752.0	4.157475716218135	1.0	411263	222563
2016	56	1.5139999616597192E9	14000.0	10918.0	3.3656582808293467	1.0	380789	209130
2016	57	1.4994032887481482E9	20000.0	7062.0	4.086800723920387	1.0	404489	196336
2016	58	1.616875666986977E9	14471.234999999999	3680.0	4.036692336077516	1.0	375118	187158
2016	59	3.6278485092443514E9	29902.21	3394.0	3.0508189297307116	1.0	450986	256445
2016	60	4.0264827180901537E9	27279.01	9204.0	3.1099545992023465	1.0	474569	262890
2016	61	3.5917541860789623E9	15000.0	4812.0	3.0163667409128108	1.0	476546	283075
2016	62	2.036054092705972E9	30242.13	7902.0	3.851291949216625	1.0	437371	248326
2016	63	1.421250446399639E9	12490.0	4712.0	4.317600391265554	1.0	438661	216316
2016	64	5.907824124304792E9	13230.0	6082.0	4.740135290698687	1.0	390329	214560
2016	65	6.500554830773079E9	15697.16	4798.0	4.182748634850404	1.0	392989	221635
2016	66	1.2587559104607103E9	12084.4	1678.0	4.248599913465628	1.0	338430	158735
2016	67	1.4767415499870377E9	13000.0	4904.0	4.050658267593846	1.0	345226	192928
2016	68	1.0991355549078336E9	13184.33	10550.0	4.118432494773396	1.0	357643	195497
2016	69	1.1888045665043278E9	14278.939999999999	9862.0	4.055830072077158	1.0	332640	186481
2016	70	1.213883392810036E9	13230.0	9678.0	5.190151016527989	1.0	368729	188109
2016	71	1.2335792783782325E9	15481.544999999998	9932.0	4.294350296706949	1.0	356771	193282
2016	72	1.0315261054448012E9	13230.0	7170.0	4.3723377918379	1.0	315525	159589
2016	73	1.181611304094501E9	10549.905	5164.0	3.878385238870869	1.0	315054	143926
2016	74	1.1882915614596016E9	13230.0	6740.0	4.235767685898038	1.0	384591	197964
2016	75	3.044133568639214E9	13295.74	8918.0	3.7339985084203358	1.0	378942	206057
2016	76	5.578156662351511E9	12835.040000000005	8706.0	3.8239842819420566	1.0	370858	210531
2016	77	3.181040268364235E9	13230.0	4396.0	4.294299604778532	1.0	398779	205600
2016	78	2.6459730237723246E9	14000.0	10418.0	3.7680775091392196	1.0	356673	204588
2016	79	1.0837684892087092E9	14000.0	6472.0	3.981115918786875	1.0	353525	175744
2016	80	1.009217045087148E9	14000.0	8084.0	3.9249693026860752	1.0	360226	176715
2016	81	1.0571789102993262E9	13935.5	10746.0	3.3409833628304297	1.0	368631	205499
2016	82	1.0647779122834729E9	6000.0	9986.0	4.378185778925964	1.0	371973	198537
2016	83	1.1644992624828017E9	10000.0	5396.0	4.132392082849204	1.0	365909	190200
2016	84	1.2021130089310517E9	11751.75	3108.0	3.9543686854529554	1.0	346168	186849
2016	85	1.177315928766983E9	11000.0	4150.0	3.9049310150634606	1.0	323324	169020
2016	86	9.348278841614627E8	10000.0	5446.0	3.441657505011365	1.0	320550	160144
2016	87	1.104141692116649E9	10000.0	5410.0	4.140627250129788	1.0	342223	162464
2016	88	1.0457619197883267E9	10000.0	8262.0	3.4615027255642974	1.0	355007	199557
2016	89	1.0732243922104968E9	10000.0	7194.0	4.442393740845749	1.0	379977	195794
2016	90	1.0396523444674066E9	10000.0	2492.0	4.029192711584629	1.0	352729	203330
2016	91	1.0222719042084554E9	10000.0	7114.0	3.5555233183594024	1.0	344913	210667
2016	92	1.0574029523496481E9	14000.0	3944.0	3.7878583666477517	1.0	380820	204808
2016	93	9.018053099657544E8	12252.34	3646.0	3.877972555609947	1.0	351876	183833
2016	94	8.832991949755288E8	11513.560000000001	3652.0	3.926726657215482	1.0	360407	175388
2016	95	1.0374749669290437E9	9834.429999999997	9790.0	4.642215938574769	1.0	387771	210673
2016	96	1.0539600547821913E9	10877.87	8344.0	3.6999145516266485	1.0	374829	221597
2016	97	1.115272502689655E9	11463.274999999996	9892.0	4.473297467523683	1.0	392056	214686
2016	98	1.2794424711077306E9	10011.380000000001	7884.0	4.511414526650385	1.0	381213	222068
2016	99	1.2371450679004862E9	7195.119999999999	10318.0	4.207512535688377	1.0	369740	216938
2016	100	1.0852912738356023E9	6000.0	8298.0	3.9201641233862192	1.0	343164	189701
2016	101	1.1705452142012143E9	10000.0	7446.0	4.16978242788444	1.0	388173	188828
2016	102	1.2114480736534367E9	13205.64	12016.0	3.3137988176867528	1.0	386156	237431
2016	103	1.400458431191213E9	10000.0	9114.0	3.854132294230087	1.0	389016	228540
2016	104	1.3778622604467669E9	10597.689999999999	11878.0	3.917262691965421	1.0	398405	226557
2016	105	1.4140611640720038E9	10199.04	6690.0	4.0463873775842485	1.0	374440	227735
2016	106	2.013798926323997E9	11000.0	6722.0	3.623398855183375	1.0	369317	211778
2016	107	1.3371170206573453E9	11169.125	7830.0	3.9064439870864334	1.0	337039	184674
2016	108	1.3768055470655746E9	6000.0	10396.0	4.019170673708971	1.0	391403	186620
2016	109	1.8717228737216196E9	6000.0	8344.0	3.9336253962661254	1.0	390800	225849
2016	110	1.7829690515323367E9	6000.0	11558.0	3.9072062969237105	1.0	398220	226461
2016	111	1.9149022956755388E9	6000.0	9346.0	4.09776134482215	1.0	363488	216048
2016	112	2.3252261252766457E9	10227.225	8860.0	3.9555954047840665	1.0	400621	211088
2016	113	2.5927687045283694E9	10000.0	12764.0	3.334179979877121	1.0	354698	209896
2016	114	1.5315760035403345E9	11136.675000000001	7928.0	3.43095516966228	1.0	364143	180414
2016	115	1.2376928255090046E9	10000.0	3128.0	3.97571631589618	1.0	381588	186581
2016	116	1.1441467453450065E9	11014.7	10312.0	3.8206804406453183	1.0	410520	226995
2016	117	1.0800954101368854E9	10672.0	7626.0	3.3885938020915107	1.0	428201	247899
2016	118	1.0931251175220673E9	6000.0	8378.0	3.169923576032052	1.0	391097	245800
2016	119	1.0229284650895977E9	6000.0	8656.0	2.6126245191831075	1.0	397637	254609
2016	120	1.0324064425474777E9	10000.0	12710.0	2.5690606395775966	1.0	407337	249132
2016	121	8.183615962525426E8	10095.64	4744.0	2.844886665775683	1.0	357503	209463
2016	122	1.0061019311024569E9	10952.475	8516.0	2.458492631229507	1.0	373040	189764
2016	123	1.0363275313120246E9	12400.0	9750.0	3.0170161922728496	1.0	392241	230846
2016	124	1.0365820603613418E9	11937.14	10484.0	2.363606690892674	1.0	365463	235675
2016	125	9.571542694344788E8	11200.0	12894.0	2.7901363844016016	1.0	400679	236116
2016	126	9.712741422906933E8	11590.82	12358.0	2.8618619805120367	1.0	364004	228893
2016	127	1.0020259940093296E9	10000.0	1808.0	2.827627859162275	1.0	366260	223077
2016	128	9.014507048103138E8	10679.2	7118.0	2.3743537464500277	1.0	322353	202639
2016	129	8.395981939303852E8	10000.0	12614.0	3.205617333609574	1.0	381557	190652
2016	130	9.395139169722177E8	6000.0	6362.0	2.735303039665385	1.0	391468	229647
2016	131	9.691483783411219E8	6000.0	5946.0	3.121508402091554	1.0	412153	249613
2016	132	1.0356346894248989E9	6000.0	6366.0	2.920866476855821	1.0	378256	229720
2016	133	1.0405772034498742E9	6000.0	10382.0	2.577643353861722	1.0	382982	232429
2016	134	9.767034706994238E8	5430.0	9436.0	2.6577204495321087	1.0	369710	229916
2016	135	1.0537962171426083E9	6000.0	2984.0	2.7936805519891164	1.0	353007	205650
2016	136	9.924924563453536E8	6000.0	4846.0	2.5387968816666553	1.0	359710	200650
2016	137	1.1033812096509082E9	10000.0	10828.0	3.239114978099405	1.0	417265	245187
2016	138	1.0822849573782356E9	8800.0	7010.0	2.4640792259258437	1.0	391645	238338
2016	139	9.191590362778511E8	6000.0	9828.0	3.0651997276936522	1.0	384320	221013
2016	140	1.1611970114247487E9	6000.0	10514.0	2.8606290726813843	1.0	395550	230702
2016	141	9.50994994356143E8	6000.0	7044.0	3.0376479144258033	1.0	358638	205958
2016	142	8.021364202005748E8	6000.0	9288.0	2.787644713146654	1.0	331426	188915
2016	143	8.800505635396278E8	6000.0	7598.0	2.8411931919553206	1.0	348805	184900
2016	144	9.107848700962424E8	6000.0	5690.0	3.349095594974159	1.0	420970	230866
2016	145	1.1690440192200499E9	6000.0	4940.0	2.6568697154983383	1.0	380814	236996
2016	146	1.3488373971934679E9	9000.0	9250.0	2.7025542656816266	1.0	404599	251124
2016	147	1.705785173352255E9	6191.090000000002	4352.0	2.9917363890440876	1.0	380130	211900
2016	148	1.9414829255034566E9	6000.0	3702.0	3.085625552073364	1.0	398491	219230
2016	149	1.7975502577162504E9	6000.0	4696.0	3.1101091390795346	1.0	371692	192517
2016	150	1.4176798755539925E9	6000.0	5636.0	4.041032880053496	1.0	372559	179777
2016	151	1.1523250482472315E9	6000.0	7580.0	3.527171407875699	1.0	389874	210684
2016	152	1.0774460699510157E9	10000.0	10010.0	2.8902924527201903	1.0	388576	221482
2016	153	9.883845307866557E8	10000.0	7704.0	3.039358162498991	1.0	404023	232175
2016	154	9.82794007349595E8	6000.0	5498.0	2.6477161672924794	1.0	397036	235589
2016	155	8.277247627520628E8	6000.0	11910.0	2.8389115516211816	1.0	398181	228488
2016	156	8.248861029558331E8	6000.0	6072.0	2.765126851529968	1.0	361195	193296
2016	157	9.20571616377448E8	6000.0	9408.0	3.3361949598448133	1.0	379550	188939
2016	158	8.963742292394712E8	6874.35	11028.0	2.5542424495677323	1.0	416622	226568
2016	159	9.130441873487906E8	9661.94	7748.0	2.517721389222724	1.0	417660	231787
2016	160	8.596719669637457E8	9399.425	2012.0	2.9528520690027955	1.0	423213	236496
2016	161	9.54242037389742E8	10000.0	6184.0	4.393739823821701	1.0	410564	230932
2016	162	9.88088802618649E8	14570.0	6052.0	2.3181680562975857	1.0	400672	226250
2016	163	1.0466921899975209E9	10000.0	8132.0	2.6274552842483687	1.0	377594	214066
2016	164	1.213089015684486E9	10000.0	5558.0	2.8020719329530954	1.0	418588	210102
2016	165	1.008545837506591E9	14000.0	4756.0	3.3232390970752808	1.0	454448	259214
2016	166	9.58989131004675E8	14000.0	4178.0	5.04878477355067	1.0	414729	244200
2016	167	9.946607514563295E8	14000.0	4266.0	2.774228908103754	1.0	460922	268480
2016	168	1.0251145400093274E9	12504.5	10808.0	2.694411123165925	1.0	472593	262549
2016	169	1.136243987155257E9	13899.599999999999	8030.0	3.0290903352898035	1.0	432602	242919
2016	170	9.40882849133493E8	10000.0	11396.0	3.0880997926825895	1.0	425428	238959
2016	171	9.076437436668438E8	12900.0	8352.0	2.7228324409302416	1.0	421324	218639
2016	172	1.1440377166967432E9	14000.0	5424.0	2.2796455064366645	1.0	466579	250289
2016	173	1.0440103571259458E9	12593.52	8976.0	2.509915832650736	1.0	468072	249455
2016	174	1.3310889206755445E9	13019.915	4642.0	3.5433210767114374	1.0	416104	234852
2016	175	1.1939963126216588E9	10233.919999999998	4772.0	2.633811635666271	1.0	434126	237023
2016	176	1.1495893725224888E9	10278.71	9282.0	2.297707095801296	1.0	432827	240670
2016	177	9.603569333043154E8	6000.0	10590.0	2.5478828136237786	1.0	400413	200055
2016	178	9.035881061361812E8	6000.0	9496.0	2.487541289117631	1.0	356828	178622
2016	179	1.0086142049133121E9	5430.0	7836.0	5.676940845275971	1.0	404317	221845
2016	180	9.04741698480903E8	6000.0	7456.0	2.81740923087622	1.0	402134	213124
2016	181	8.560251502668779E8	6000.0	10116.0	3.085364720954039	1.0	374543	223424
2016	182	8.837427073962626E8	6000.0	6906.0	2.830945575006992	1.0	407286	229002
2016	183	9.650606293529325E8	6000.0	5010.0	2.814014255656012	1.0	362318	206808
2016	184	1.133795878804169E9	6000.0	8520.0	2.793465202025449	1.0	353531	193137
2016	185	9.831464925982887E8	6000.0	7416.0	2.713976648459862	1.0	356273	181232
2016	186	1.2372747595667803E9	6000.0	5470.0	2.461322258340206	1.0	390029	205548
2016	187	9.131643385300374E8	6000.0	7942.0	2.6743872226338694	1.0	380327	222049
2016	188	9.713275915238625E8	6000.0	10188.0	4.087925443285434	1.0	379773	213919
2016	189	1.3641440423415008E9	6000.0	6422.0	2.9457416848978246	1.0	371474	216819
2016	190	9.953515559285717E8	10108.7	5620.0	2.550664199345428	1.0	361402	209547
2016	191	1.0642966708013573E9	6000.0	9426.0	2.589450688284862	1.0	342882	177351
2016	192	9.256770343674185E8	6000.0	8056.0	2.753576085733695	1.0	334323	164101
2016	193	9.984093792999216E8	6000.0	8798.0	2.8236443839269736	1.0	395699	225115
2016	194	1.1101683762059743E9	6000.0	13058.0	2.837515547025067	1.0	379276	222259
2016	195	1.0428291578815175E9	13702.099999999999	11424.0	2.301939934808008	1.0	366822	215034
2016	196	9.410271169441508E8	6000.0	5310.0	2.6330627105115796	1.0	357984	208468
2016	197	1.5267075299425013E9	10860.0	5448.0	2.594218952158582	1.0	379899	217523
2016	198	1.105613831202767E9	6000.0	5906.0	2.932220837622098	1.0	338648	183371
2016	199	1.1781355480695627E9	6000.0	6420.0	3.2793872590737143	1.0	332985	170550
2016	200	1.0559133620043336E9	10000.0	9664.0	2.68719812961519	1.0	393825	227743
2016	201	1.0515098847311331E9	10000.0	5734.0	2.6221046158986088	1.0	381340	226373
2016	202	1.1349166669689965E9	10497.025	10672.0	2.4360506477345414	1.0	380467	223080
2016	203	1.0623147886253194E9	10000.0	3866.0	2.5086815792062938	1.0	375407	226767
2016	204	1.0082584715327437E9	10000.0	5682.0	2.5818431097914405	1.0	352216	210353
2016	205	9.372726304313922E8	14000.0	4422.0	2.4350024372614807	1.0	326329	189749
2016	206	1.0014016251448888E9	6857.5999999999985	5160.0	2.6241750523727867	1.0	352454	189229
2016	207	8.329905495671555E8	6000.0	5100.0	2.5502158961591603	1.0	422722	248638
2016	208	1.0528044664911827E9	14000.0	8640.0	2.5962579215543897	1.0	383293	233133
2016	209	9.519762589644063E8	14000.0	4720.0	2.3351966202891994	1.0	371258	233987
2016	210	1.0616527013136204E9	14445.4	7672.0	2.605433643772066	1.0	388305	232639
2016	211	8.946123659724114E8	14000.0	4580.0	2.2207275471123515	1.0	358004	226330
2016	212	9.738464131377875E8	10000.0	4578.0	2.4865922745751523	1.0	364658	202976
2016	213	1.0075948114818946E9	14717.400000000001	9078.0	2.741159387914505	1.0	354527	189617
2016	214	7.542915551089872E8	14157.8	10528.0	2.614383590912246	1.0	405518	237197
2016	215	1.4728595629818914E9	16234.384999999997	12534.0	2.6314232388744285	1.0	426437	251596
2016	216	9.987579920047998E8	14000.0	6298.0	2.312690253244516	1.0	378063	225840
2016	217	1.2735036841219516E9	14000.0	10714.0	2.3599793174768315	1.0	392015	236756
2016	218	9.810629240775614E8	17000.0	11692.0	2.094357971072538	1.0	387139	231992
2016	219	7.780081146912686E8	10674.16	7458.0	2.2092987011147023	1.0	328046	190257
2016	220	9.34701379936086E8	5430.0	8930.0	2.7017979257894162	1.0	347792	187949
2016	221	8.270212322053599E8	11038.560000000001	10826.0	2.3885787395617357	1.0	415883	242527
2016	222	9.738224967627892E8	11774.300000000001	5812.0	2.3887802134826455	1.0	415391	238889
2016	223	9.276875935570476E8	7690.0	10000.0	2.243604869800819	1.0	402260	249059
2016	224	8.638609754905224E8	12081.099999999999	6312.0	2.675928944168013	1.0	403078	243221
2016	225	8.145579896178346E8	10000.0	10256.0	2.3698420034681678	1.0	386511	231610
2016	226	9.704043184714963E8	5430.0	9942.0	2.365430946907681	1.0	365656	211535
2016	227	8.125100433139147E8	6000.0	11980.0	2.5295944889379696	1.0	364934	200670
2016	228	1.0440892743000387E9	10025.24	3386.0	2.4215670056272374	1.0	373007	217011
2016	229	1.099780130356143E9	10000.0	6282.0	2.3526475658812025	1.0	424570	247147
2016	230	8.90452023979232E8	9000.0	9362.0	2.4642150117087542	1.0	402473	239341
2016	231	9.286029037313067E8	13000.0	5680.0	2.312978054601334	1.0	407616	242857
2016	232	9.832892225933785E8	13578.125	8098.0	2.2528392841301894	1.0	393375	241224
2016	233	9.514932655333477E8	10298.32	10606.0	2.372382763239621	1.0	396461	199687
2016	234	6.889749059201165E8	6000.0	3154.0	2.412236317783374	1.0	366246	189514
2016	235	8.715386427611792E8	11208.28	8556.0	2.476230990742542	1.0	401197	228491
2016	236	8.981819852227753E8	10936.519999999997	5544.0	2.233493896716451	1.0	405147	243117
2016	237	8.636406930409665E8	6000.0	10088.0	2.758668614702273	1.0	409523	237005
2016	238	9.700214549480263E8	10000.0	8548.0	2.75234583953016	1.0	387123	230981
2016	239	9.187295915067455E8	13714.624999999998	5518.0	2.4191901329194896	1.0	373317	214794
2016	240	6.977831294911541E8	6000.0	9184.0	2.4343602677958582	1.0	363276	189905
2016	241	7.929380267360947E8	6000.0	9332.0	2.5886207475018024	1.0	340552	183513
2016	242	7.133699461690172E8	6000.0	4194.0	3.0807025572165	1.0	395448	240511
2016	243	7.472697816243489E8	10000.0	3958.0	2.812824282254545	1.0	404989	231661
2016	244	8.107134698464252E8	6000.0	8700.0	2.8597492283603176	1.0	402338	231874
2016	245	7.180352958531957E8	10502.82	11292.0	2.924857340776558	1.0	391352	237940
2016	246	7.02176869799167E8	10355.7	3700.0	2.975994455215202	1.0	385446	217947
2016	247	7.372969161326128E8	6000.0	4914.0	4.438170380480262	1.0	335539	179525
2016	248	6.349756351469648E8	6000.0	8782.0	2.8463191536254455	1.0	358654	185793
2016	249	8.01013049373763E8	6000.0	8890.0	2.5942393422354915	1.0	426781	229385
2016	250	6.194942908676474E8	6000.0	12324.0	2.9222463764236184	1.0	419543	243355
2016	251	6.289399011263646E8	6000.0	10948.0	2.8632066843293518	1.0	397952	241647
2016	252	7.500984959724114E8	6000.0	6312.0	2.6758853089709547	1.0	384364	221163
2016	253	7.985263047212842E8	10000.0	5944.0	2.7269261604940227	1.0	383652	222334
2016	254	7.439853910538446E8	6000.0	4680.0	3.1192781032239867	1.0	341154	184116
2016	255	8.583286990095916E8	5711.440000000002	6800.0	2.7129976067187216	1.0	389999	189463
2016	256	8.268132851488087E8	6000.0	4912.0	3.020896371118324	1.0	398221	215892
2016	257	8.038188924704746E8	6000.0	8938.0	2.6408388687981126	1.0	399988	235483
2016	258	8.456490454681942E8	6000.0	5312.0	2.856348541396442	1.0	387696	227077
2016	259	6.362791516675216E8	6000.0	8138.0	2.598989397941699	1.0	402558	236269
2016	260	8.99250864213432E8	6000.0	6092.0	2.8879277164078943	1.0	385304	222789
2016	261	7.09357211490062E8	5430.0	6610.0	2.8707407851311606	1.0	362379	201665
2016	262	8.660133399262352E8	5430.0	3088.0	2.9382838535700793	1.0	369264	189950
2016	263	9.078087318254169E8	6000.0	4072.0	2.6401704448009866	1.0	413072	236919
2016	264	9.24382346329892E8	10000.0	9576.0	2.837301836723762	1.0	418977	237251
2016	265	7.636371016184274E8	10000.0	4846.0	2.721138090272504	1.0	400063	237227
2016	266	1.1819527795936902E9	6000.0	10530.0	2.7645892413674105	1.0	395771	233506
2016	267	8.833961513232629E8	10000.0	4252.0	2.4643470411734305	1.0	366668	211646
2016	268	8.698784818840426E8	9000.0	11564.0	2.6157842862494025	1.0	377684	216395
2016	269	9.587753385382546E8	6000.0	4436.0	2.6587098460708956	1.0	387601	194671
2016	270	9.82472442539688E8	6000.0	13274.0	2.8301324000275154	1.0	428814	238228
2016	271	7.439214719300898E8	6300.0	13336.0	2.5336021306283296	1.0	421184	234654
2016	272	1.0631360661116886E9	6000.0	5088.0	2.614362847301553	1.0	438565	240061
2016	273	7.287270446189861E8	6000.0	4318.0	2.765980882165862	1.0	440455	241667
2016	274	1.0114414137654583E9	6000.0	9202.0	2.4208521821547624	1.0	440163	248512
2016	275	6.961200455896145E8	5430.0	10060.0	2.5780061905407887	1.0	384864	210600
2016	276	7.626970908679652E8	6653.530000000002	8850.0	2.698538401287981	1.0	407912	200465
2016	277	7.39988435075198E8	6000.0	8504.0	2.610972482793041	1.0	471625	261961
2016	278	8.453878049494039E8	9000.0	12240.0	2.674250253188923	1.0	476403	261476
2016	279	7.487046698884814E8	6000.0	6664.0	2.4088098163289744	1.0	472479	264197
2016	280	8.80452355626857E8	6000.0	11104.0	2.5435439104458455	1.0	493587	274899
2016	281	8.635175227427586E8	6000.0	10760.0	2.391201821220314	1.0	470826	268594
2016	282	9.817356421998357E8	6000.0	11316.0	3.126126521214466	1.0	432456	240179
2016	283	1.428242617101379E9	6000.0	5744.0	2.7970760800770416	1.0	419523	213536
2016	284	9.556069999729189E8	6000.0	9026.0	3.3035335733370816	1.0	403404	233556
2016	285	1.199785634953504E9	6000.0	7938.0	2.6923789972031105	1.0	453968	264085
2016	286	1.1507719365914192E9	6000.0	8160.0	2.8499977969360946	1.0	395978	222961
2016	287	7.788985335755968E8	10000.0	6356.0	2.643889759586358	1.0	401881	231554
2016	288	9.899681929569174E8	10000.0	4896.0	2.5994721833723085	1.0	419938	240668
2016	289	1.6738919127806103E9	14000.0	3918.0	2.682889974020511	1.0	375508	200148
2016	290	1.1135551362009618E9	6000.0	8510.0	2.3679566644740095	1.0	397457	200190
2016	291	7.81219755282584E8	14000.0	8222.0	2.413187145556688	1.0	429190	246626
2016	292	1.0697424000322562E9	5430.0	8650.0	2.722459569316339	1.0	439247	249842
2016	293	8.869584881877826E8	14889.059999999992	2304.0	2.568225370070873	1.0	345563	201485
2016	294	1.0423520005169523E9	14000.0	9408.0	2.336189324310652	1.0	477103	272149
2016	295	1.016934061313921E9	17859.115	13492.0	2.294817823166971	1.0	446379	260516
2016	296	6.127252452990425E8	10000.0	4838.0	2.432329959006175	1.0	386767	213625
2016	297	1.308118351729578E9	15430.0	6774.0	3.142883855887812	1.0	383474	193582
2016	298	1.5007556498449643E9	20000.0	6398.0	2.7351210156312633	1.0	401255	233623
2016	299	1.2065857833395016E9	17848.08	5016.0	3.0145836660575434	1.0	427139	233751
2016	300	1.10355029644029E9	20704.3	4184.0	3.110188124649936	1.0	442009	250571
2016	301	9.679723327905849E8	13000.0	3324.0	2.093776970016821	1.0	495681	300896
2016	302	5.759529657727714E8	15712.57	3334.0	2.6667640133045634	1.0	419055	238518
2016	303	7.195761417846166E8	15430.0	10206.0	2.6505894898096964	1.0	422785	231825
2016	304	6.108898827568676E8	9362.675000000001	12546.0	2.449714231375936	1.0	388605	210922
2016	305	7.58192956605964E8	14000.0	8384.0	2.8684665208397573	1.0	450473	245854
2016	306	8.749251754259423E8	15000.0	8828.0	2.678648363870414	1.0	437886	243582
2016	307	1.9642091809274578E9	14000.0	10246.0	2.500173858330156	1.0	469256	277557
2016	308	2.53998171854957E9	17000.0	4894.0	2.828751388992256	1.0	467247	266356
2016	309	2.4064581101076984E9	16697.625	3970.0	2.488184796147045	1.0	442206	251704
2016	310	2.3564749010007167E9	5430.0	5272.0	2.8382882347378926	1.0	417945	230106
2016	311	2.314742127432442E9	12069.94	5606.0	2.8970066980338816	1.0	453952	245987
2016	312	1.4275905439586933E9	5430.0	7376.0	2.335942052256209	1.0	486859	281240
2016	313	1.1592021711619475E9	12705.2	10738.0	2.4566885978825534	1.0	496666	283503
2016	314	9.209900385731546E8	14000.0	8770.0	2.4523690976614527	1.0	470042	270866
2016	315	5.962807073008341E8	11210.585	10608.0	2.7321448795454826	1.0	476847	267330
2016	316	5.2573628571737885E8	13494.539999999999	5868.0	2.432900115931541	1.0	423100	244013
2016	317	4.315317505649158E8	12800.0	9294.0	3.042413052449226	1.0	464746	235267
2016	318	5.404913725855085E8	6881.9	2624.0	2.3901750882407287	1.0	424704	223779
2016	319	5.406913905176774E8	14100.0	10364.0	2.685052482591832	1.0	497187	269600
2016	320	6.772091441901237E8	15626.31	15008.0	2.4536210193310173	1.0	503255	287661
2016	321	6.478906772151204E8	5430.0	11650.0	2.4049584985804735	1.0	500859	295944
2016	322	5.923391611021847E8	14668.72	5464.0	2.447121176227552	1.0	485137	272692
2016	323	5.246559181069544E8	17010.149999999998	13254.0	2.2477698884817263	1.0	469034	271634
2016	324	4.332501707352814E8	16088.529999999999	10726.0	2.6420487085834226	1.0	485212	251201
2016	325	5.3265902465986276E8	14260.604999999992	5328.0	2.7451315840390116	1.0	415011	241792
2016	326	5.1268241544887084E8	21367.000000000004	10590.0	2.7558225382728185	1.0	491573	287079
2016	327	6.020253515559283E8	23276.305000000004	14256.0	2.3227846581704257	1.0	548805	313812
2016	328	6.671729455350864E8	12837.41	6332.0	2.6219230331728722	1.0	455927	254481
2016	329	5.383967311852677E8	12580.0	14240.0	2.5412542689464055	1.0	545861	336177
2016	330	4.2066624745215684E8	7574.560000000002	4388.0	2.3514585475601986	1.0	502979	302295
2016	331	4.510968825260446E8	7394.0	12636.0	2.756662180350055	1.0	488481	266641
2016	332	4.515593810576154E8	18000.0	9232.0	2.6386782543254728	1.0	462107	244896
2016	333	4.947469808974523E8	12904.205	10942.0	2.5229986131126383	1.0	520714	302028
2016	334	4.711949295582633E8	19000.0	9310.0	2.3557272380270793	1.0	499853	290911
2016	335	4.9733614385255474E8	15430.0	10614.0	2.3510767891038675	1.0	502829	298231
2016	336	5.90630916393942E8	21503.86	4788.0	3.1003213308199715	1.0	462253	260230
2016	337	5.459696967718277E8	19426.32	9434.0	2.3703662148298283	1.0	531951	297153
2016	338	4.293935760028727E8	5430.0	13130.0	2.705880444925376	1.0	497117	268904
2016	339	4.3130615427526444E8	15000.0	6270.0	2.9206491748307215	1.0	471178	255393
2016	340	5.887071572127503E8	21202.340000000004	6084.0	2.9306698726826808	1.0	517687	284225
2016	341	5.097395290354355E8	11401.000000000004	12788.0	2.4923805451435928	1.0	571983	322379
2016	342	5.0349486064244455E8	15430.0	6370.0	2.871481615738068	1.0	535086	297804
2016	343	5.432634853737326E8	15430.0	10458.0	2.5227875292180597	1.0	484671	276247
2016	344	5.405986968114169E8	15430.0	5024.0	2.7407088100942905	1.0	465311	265382
2016	345	4.4750313824174887E8	10000.0	4088.0	2.4560403493178837	1.0	466975	249680
2016	346	5.408089093415008E8	6549.945	8628.0	3.0283290744714932	1.0	441291	228988
2016	347	5.781024768480958E8	10000.0	11172.0	2.388459639465879	1.0	506200	285669
2016	348	5.380503929652607E8	12900.0	4106.0	2.3447200619413384	1.0	504175	289016
2016	349	5.922084458949249E8	19000.0	9134.0	2.3307565358469318	1.0	484154	290932
2016	350	7.695717939169636E8	15146.900000000001	10832.0	2.255906188510376	1.0	491188	281822
2016	351	6.230839493155769E8	16800.0	9560.0	2.2536628181756884	1.0	464579	264919
2016	352	5.780316391408682E8	6000.0	7450.0	2.5245002475337417	1.0	442865	236653
2016	353	6.165899982305413E8	10000.0	8708.0	2.4291336868122255	1.0	467646	245095
2016	354	6.366683158678985E8	19000.0	13212.0	2.3012656238986704	1.0	490342	285259
2016	355	6.773120026488072E8	12773.31	11166.0	2.380745149648363	1.0	528065	311117
2016	356	8.595061433711827E8	15430.0	9374.0	2.2539459776116355	1.0	518009	313566
2016	357	8.436565415090767E8	16320.0	14946.0	2.1878738122996415	1.0	521369	308013
2016	358	8.329752711627166E8	5430.0	12336.0	2.0677762512854683	1.0	511212	299086
2016	359	5.991891493258241E8	15430.0	9124.0	2.5338728180325796	1.0	406478	229420
2016	360	5.636933218547733E8	12491.949999999999	8826.0	2.129472528310158	1.0	365677	199284
2016	361	5.975309386771233E8	15430.0	5020.0	2.569944014319259	1.0	472409	263886
2016	362	7.885020389089112E8	15430.0	10554.0	2.0555304212169077	1.0	499356	295624
2016	363	6.440307127509058E8	13000.0	7008.0	2.128077198178509	1.0	518173	306409
2016	364	6.315808221051004E8	10000.0	8626.0	2.1095588730999792	1.0	505098	300095
2016	365	7.183017892924232E8	16606.405	11194.0	2.259221934987792	1.0	495979	288182
2017	1	5.950205595330836E8	6000.0	5892.0	2.9245523259975204	1.0	392587	204198
2017	2	5.988353630030531E8	10000.0	9282.0	3.191261242803938	1.0	529905	290233
2017	3	6.387501394048834E8	15453.27	9086.0	3.997893163111514	1.0	510103	303226
2017	4	7.474198871733263E8	20000.0	14610.0	2.724357241529285	1.0	576496	344259
2017	5	9.872958488518697E8	22977.39	7624.0	2.351261024837485	1.0	511451	304376
2017	6	9.679138646311399E8	17413.16	5456.0	2.3526500591948936	1.0	534184	319015
2017	7	7.103267056187732E8	7680.5	9570.0	2.598605132812173	1.0	477424	273749
2017	8	7.16092668100359E8	14000.0	11808.0	2.228592661355917	1.0	467861	258145
2017	9	7.506943897095387E8	22347.85	11798.0	2.1110305845125885	1.0	480654	280073
2017	10	6.843225206356895E8	17561.260000000002	15620.0	2.507127534916665	1.0	526135	319883
2017	11	1.45911613983444E9	17605.925	10066.0	2.318333721518014	1.0	492529	306278
2017	12	1.1065831361701365E9	19000.0	6638.0	2.400284965142602	1.0	477617	287396
2017	13	7.785491338736329E8	18091.5	9148.0	2.59258308037338	1.0	465529	273114
2017	14	6.43971706551798E8	4879.710000000001	12852.0	2.7690661095457676	1.0	444070	237418
2017	15	7.976200658858175E8	10000.0	9322.0	2.25693482931509	1.0	420464	235343
2017	16	7.5659016662538E8	15000.0	10214.0	2.7812937959773256	1.0	479894	275419
2017	17	7.749427463172585E8	10000.0	7230.0	2.4240751886662912	1.0	508664	292688
2017	18	7.828583294212037E8	15430.0	6312.0	2.614378081181347	1.0	498561	299799
2017	19	7.599928934203553E8	13874.31	13506.0	2.6582524222501123	1.0	506577	296353
2017	20	8.567465056065164E8	17559.699999999993	13140.0	2.741499772958602	1.0	512929	293269
2017	21	5.160359647326445E8	14698.6	11076.0	3.391398859763993	1.0	472817	256529
2017	22	5.197161510543017E8	12646.5	13114.0	3.034890908798792	1.0	454934	245449
2017	23	7.29294234963099E8	20060.65	5230.0	4.309832359101496	1.0	367698	206865
2017	24	6.647776183704526E8	21011.499999999996	8158.0	4.030545095375895	1.0	537495	303019
2017	25	6.494446432942098E8	5430.0	9360.0	4.37755015621466	1.0	543076	332349
2017	26	6.785904711434602E8	14860.7	10312.0	4.568163209264925	1.0	496680	289779
2017	27	5.832910607872562E8	17543.0	7780.0	4.613185359004103	1.0	474777	274499
2017	28	5.542988415413032E8	14100.0	5196.0	5.641318245746577	1.0	448173	233606
2017	29	5.876915342825303E8	11000.0	6714.0	3.4696575825388933	1.0	388776	215709
2017	30	5.514581487692351E8	17640.625000000004	6472.0	2.7165469273269305	1.0	521561	296956
2017	31	5.713908729100088E8	15430.0	6896.0	2.3962623056114927	1.0	558379	328595
2017	32	6.109656137440233E8	14150.0	18112.0	2.497802820046823	1.0	563759	328118
2017	33	8.310009200091323E8	20000.0	4542.0	2.40577728835428	1.0	405811	230991
2017	34	7.280123238824428E8	20000.0	12910.0	2.3282539834422953	1.0	608899	359465
2017	35	7.184582853666636E8	10000.0	5148.0	2.8902499045915446	1.0	492485	279998
2017	36	5.9067425631561E8	14536.57	4886.0	2.687298754298751	1.0	493162	270145
2017	37	7.011956559185987E8	16930.73	4898.0	2.3369621073329094	1.0	452367	244937
2017	38	6.414010219869365E8	19999.2	6658.0	2.515508436481269	1.0	550172	326395
2017	39	7.154996139697462E8	15430.0	10820.0	2.6833497227300467	1.0	545836	331754
2017	40	1.0584518705522112E9	12500.0	9186.0	2.6815040537169614	1.0	532120	317322
2017	41	7.058499334655553E8	15430.0	12406.0	2.8092468719012818	1.0	504453	295836
2017	42	4.869294994865952E8	14800.0	8970.0	3.073071037089341	1.0	452729	250120
2017	43	4.584933957641349E8	11482.1	7958.0	2.477796971267277	1.0	434768	239020
2017	44	5.01265925194147E8	5430.0	4742.0	2.5439866999327756	1.0	532357	314948
2017	45	6.324181496025752E8	15430.0	9868.0	2.425681512026271	1.0	502264	299895
2017	46	5.854796337896695E8	15430.0	8020.0	2.538564057603306	1.0	513365	302689
2017	47	1.2664474895287807E9	22000.0	4052.0	2.8307279894042368	1.0	475626	275381
2017	48	6.120039262665559E8	14553.0	5822.0	2.4471106837532437	1.0	559274	325659
2017	49	4.8131012127630067E8	9000.0	12698.0	3.285949706728864	1.0	509265	279860
2017	50	5.1080537121821684E8	13728.064999999995	4506.0	2.544616390757799	1.0	469156	255848
2017	51	5.646594039403933E8	15989.29	9492.0	2.62880494797325	1.0	480819	276097
2017	52	6.403631201301736E8	21574.075000000004	5136.0	2.6747442353566178	1.0	481870	276454
2017	53	1.34366213848899E9	20182.05	5910.0	2.768780887060648	1.0	493420	286681
2017	54	6.350397407637318E8	20007.17	10892.0	2.6882702156186236	1.0	558628	330461
2017	55	5.0824636472927713E8	20000.0	8856.0	2.8469910203796127	1.0	596714	351116
2017	56	3.848419591151334E8	10000.0	12824.0	8.941505812206541	1.0	529350	305354
2017	57	4.793064896924628E8	13750.0	9404.0	5.437064422596145	1.0	488225	273139
2017	58	6.594063934331889E8	20000.0	4958.0	2.6886345557638607	1.0	506944	293957
2017	59	5.567951715658524E8	15430.0	11604.0	2.558799496376006	1.0	540661	328735
2017	60	8.00789412874773E8	16834.864999999998	9134.0	2.5430002310376776	1.0	562118	332338
2017	61	1.122383601940322E9	17404.945000000007	10212.0	2.7283630197598114	1.0	516473	301658
2017	62	1.1643645150453057E9	20000.0	12442.0	2.5093361401074405	1.0	586527	333889
2017	63	6.416328707631223E8	13840.0	4636.0	3.195121508463572	1.0	498391	275664
2017	64	4.7935538211483645E8	10000.0	11554.0	3.213269642301059	1.0	525834	271101
2017	65	6.491042971784289E8	15000.0	8948.0	2.7313837008421205	1.0	530016	292930
2017	66	6.803860383240049E8	12096.779999999999	15612.0	2.625510091783185	1.0	580164	336438
2017	67	1.4934448300246782E9	5430.0	4130.0	2.4836481305617926	1.0	532642	297366
2017	68	1.4993600720290453E9	10000.0	12940.0	3.041364134818766	1.0	519955	297377
2017	69	6.472637142571768E8	10000.0	10334.0	2.8168876626108186	1.0	553970	307493
2017	70	5.486546224062394E8	10000.0	12006.0	8.22804703417552	1.0	481073	258108
2017	71	5.545773813089908E8	10000.0	8838.0	2.7617874509970064	1.0	455602	230964
2017	72	7.888050662211454E8	11213.56	10134.0	2.748884858223403	1.0	519066	285613
2017	73	8.579544501956204E8	15000.0	8944.0	2.7393249221693536	1.0	542535	300378
2017	74	8.724799140191952E8	15914.68	8050.0	2.8040907200235754	1.0	517459	288387
2017	75	1.0051711009064811E9	15279.92	11266.0	2.657599825460498	1.0	593622	327395
2017	76	9.764360706925079E8	12909.880000000001	12088.0	2.826286442637482	1.0	560937	310575
2017	77	1.2668563415827549E9	16280.0	7784.0	2.9947557279913455	1.0	485351	248340
2017	78	2.5578694647727103E9	13161.0	10530.0	2.638654187344186	1.0	467309	242994
2017	79	1.1666238238337739E9	15430.0	7500.0	2.576783135735485	1.0	518623	284397
2017	80	2.2629768572846823E9	16428.95	15016.0	2.702357845232927	1.0	570038	305264
2017	81	1.2974620992518477E9	15430.0	14654.0	2.888819984452633	1.0	558455	307376
2017	82	8.117642938927982E8	13144.44	9378.0	2.910822887894934	1.0	538825	293783
2017	83	1.8234611092136428E9	21612.925	6944.0	2.9158258679277993	1.0	521493	276780
2017	84	8.674059144788532E8	15430.0	9050.0	3.757629997449745	1.0	500974	243737
2017	85	8.142712282686073E8	15430.0	4092.0	2.83660922241819	1.0	447090	210551
2017	86	9.452079688659959E8	22893.515	4306.0	3.0770510407641436	1.0	522039	273758
2017	87	7.741676824840127E8	10000.0	9078.0	3.1675582955840698	1.0	533831	282012
2017	88	6.392991501755921E8	21643.525	9158.0	3.153005912887702	1.0	515272	277904
2017	89	8.498284696498072E8	15430.0	10120.0	2.756784384355295	1.0	504954	275850
2017	90	1.47956918775033E9	22761.325	4272.0	2.6982946578670903	1.0	510038	272378
2017	91	1.4037865137089233E9	16866.225	4110.0	3.5909139074183347	1.0	492275	252728
2017	92	1.1811957219322944E9	5460.0	11264.0	2.560461197925325	1.0	507420	238525
2017	93	1.541459096729749E9	23223.099999999995	10078.0	2.7017246417821554	1.0	530677	284084
2017	94	8.069459303365791E8	34749.54999999999	4394.0	2.7078933933869003	1.0	527037	278698
2017	95	7.363797172237062E8	28000.0	7988.0	3.391105225996688	1.0	551393	300536
2017	96	7.010989287838914E8	26931.079999999987	5520.0	3.063676498589227	1.0	541917	289096
2017	97	2.71174711439457E9	28112.735	10224.0	2.9816718113012244	1.0	532644	285960
2017	98	3.4402948592308316E9	5430.0	4938.0	3.9615940278082062	1.0	471997	234031
2017	99	5.926263024578267E8	15430.0	10222.0	3.347040946898119	1.0	490803	232683
2017	100	7.213588991667166E8	31753.204999999998	11786.0	3.2708163124580065	1.0	569280	290738
2017	101	7.234711039325038E8	30651.38	5778.0	3.2607654662951697	1.0	566375	297395
2017	102	7.074519014577582E8	34538.950000000004	8800.0	3.297618946637045	1.0	542846	280229
2017	103	9.796254506903273E8	25431.639999999996	2564.0	3.094826668887866	1.0	455452	224567
2017	104	7.180956821711292E8	28030.420000000002	9454.0	2.3415934926410134	1.0	555046	292756
2017	105	5.965733041812416E8	12132.319999999996	4564.0	3.232642618872168	1.0	496126	258436
2017	106	9.296181822240642E8	9102.275000000001	6394.0	2.4155505686290115	1.0	431081	213764
2017	107	9.988197427270644E8	18931.25	8706.0	2.401295904066119	1.0	494083	259274
2017	108	7.617483906625241E8	20030.0	16336.0	2.3196537439335674	1.0	564802	312139
2017	109	7.427530760333077E8	16789.41000000001	10926.0	2.355862610182407	1.0	554234	300900
2017	110	8.457701656235665E8	22778.295	7274.0	2.500718243381877	1.0	524824	280988
2017	111	6.61221140188579E8	13348.65	13754.0	2.7954730452450463	1.0	567807	304185
2017	112	6.238502416442283E8	15430.0	8762.0	2.8343221487579	1.0	529627	267690
2017	113	6.707620030735782E8	11000.0	7290.0	2.4063631050637477	1.0	495492	246915
2017	114	9.284494444001625E8	18746.0	5118.0	2.5005975061334067	1.0	463736	233388
2017	115	9.004996081136081E8	15704.0	12082.0	2.29346321941995	1.0	631138	346306
2017	116	7.81680072604106E8	25526.115	7052.0	2.449134553148445	1.0	563196	309370
2017	117	9.253719533052536E8	25848.8	10784.0	2.4791952913214486	1.0	556368	294509
2017	118	7.22202559548327E8	37041.439999999995	10440.0	2.928788852326887	1.0	611100	323367
2017	119	6.18962609286025E8	12730.0	13412.0	2.559595280373962	1.0	591875	322908
2017	120	6.819962288619549E8	14145.585	4866.0	2.4967028886684606	1.0	540602	284246
2017	121	8.327317702882849E8	12894.45	5366.0	2.5161831554265004	1.0	569218	311504
2017	122	7.402163539133883E8	34750.88	8866.0	2.35032042541599	1.0	591894	322915
2017	123	8.800439065331985E8	31807.19500000001	3408.0	2.3527300372353017	1.0	549739	292150
2017	124	8.678883288264827E8	30000.0	4820.0	2.6911076537384497	1.0	639892	337360
2017	125	9.988440518229171E8	19976.539999999997	4378.0	3.2645148916353692	1.0	597982	310507
2017	126	7.27298130727811E8	15430.0	12282.0	2.145898104502797	1.0	640539	344136
2017	127	8.060595376938943E8	11239.370000000004	16502.0	3.995027035968014	1.0	612803	325085
2017	128	1.0599929632335943E9	20554.0	8416.0	2.741109502527274	1.0	655043	349406
2017	129	9.625416547475616E8	28428.0	9588.0	2.3970120301179656	1.0	642108	340972
2017	130	1.0931815103103733E9	15430.0	10520.0	2.4129606047002383	1.0	619832	331257
2017	131	1.112939411025488E9	15430.0	9782.0	2.3314744539047982	1.0	534863	273986
2017	132	9.189180613325485E8	18436.0	14166.0	2.8281577930259334	1.0	613585	322163
2017	133	9.592805673020372E8	27803.27999999999	10314.0	2.1182401603025345	1.0	617704	323967
2017	134	7.083391212040225E8	27704.93	10340.0	2.0033939700022354	1.0	711172	382232
2017	135	9.662263336327455E8	20914.649999999994	13808.0	2.31864507449997	1.0	628082	324438
2017	136	1.261552460403907E9	45580.420000000006	4026.0	2.85453955881615	1.0	428204	222608
2017	137	1.2912113698582284E9	6000.0	10040.0	2.5888730730149394	1.0	604270	321285
2017	138	1.075903151399341E9	20000.0	12922.0	2.5704012653188486	1.0	570181	285245
2017	139	8.456298763366761E8	10596.6	8922.0	3.0600227462468315	1.0	636052	329651
2017	140	7.783903799076289E8	8877.21	14374.0	2.2270432912919222	1.0	641398	349213
2017	141	7.424742264939153E8	6999.700000000001	13690.0	2.359771840564306	1.0	598643	322187
2017	142	1.0928958048143291E9	10613.03	13968.0	2.54400907503023	1.0	635464	343800
2017	143	1.074061218028114E9	29980.5	6062.0	2.8453425270263497	1.0	638976	343243
2017	144	1.0147042490536485E9	30895.0	9836.0	3.0575119804837985	1.0	683398	367435
2017	145	9.861751189453251E8	27000.0	9210.0	3.3704558930381445	1.0	630496	331284
2017	146	8.79294444487152E8	20391.434999999998	8370.0	3.734337693114672	1.0	637261	318546
2017	147	7.886249990432465E8	25382.000000000004	14716.0	3.928394246335919	1.0	658338	349639
2017	148	9.643548501380857E8	12710.0	7242.0	3.7443044487932244	1.0	552144	288809
2017	149	7.360389158028835E8	5430.0	4518.0	2.5739920490675066	1.0	627742	355680
2017	150	1.1551401326544323E9	24606.12999999999	15304.0	4.684667771459307	1.0	632926	336517
2017	151	1.0482356878251942E9	30000.0	3068.0	5.036171090081457	1.0	610699	315889
2017	152	1.0933436261429348E9	14892.199999999999	9916.0	5.655753203341195	1.0	581884	303961
2017	153	1.0540545312843457E9	8642.0	3520.0	4.845921668528914	1.0	601686	301199
2017	154	1.1134993088637378E9	7923.615000000004	3300.0	4.8970427063585	1.0	519805	267602
2017	155	1.330706139175777E9	5430.0	5654.0	6.659674524271775	1.0	532411	266727
2017	156	1.0152713320018098E9	17938.23	10654.0	5.58532838486618	1.0	634320	318922
2017	157	7.891760328175588E8	8696.0	8048.0	4.112376907579326	1.0	605675	293856
2017	158	8.061105697592883E8	29483.119999999995	8076.0	3.679975439933554	1.0	647344	332167
2017	159	8.281738518705068E8	9000.0	9620.0	3.6974677505143845	1.0	578549	292150
2017	160	9.050972384515166E8	11408.779999999999	7456.0	3.6885434763155973	1.0	563621	283026
2017	161	9.553340711692408E8	6310.0	6224.0	3.7837095169481834	1.0	478246	236986
2017	162	1.0166632788553587E9	10427.029999999999	9032.0	3.208115725152966	1.0	504155	243036
2017	163	1.1627057660082507E9	21218.63	8444.0	3.7046205194176554	1.0	531931	268062
2017	164	1.0779043338568563E9	15778.630000000003	9270.0	4.5208971705484435	1.0	622561	296450
2017	165	1.1545334164965785E9	39087.08	16528.0	3.706998824889429	1.0	565879	295263
2017	166	1.0629410124615794E9	20781.68	11094.0	3.9041577962013703	1.0	543391	275247
2017	167	1.258626947172871E9	9000.0	5120.0	3.484696526754132	1.0	544345	276169
2017	168	9.474755874712067E8	13197.905	10722.0	3.5566977837113045	1.0	463148	224870
2017	169	1.1642251310160296E9	7394.0	3970.0	3.646827825220066	1.0	426091	208632
2017	170	1.1358496577809665E9	5430.0	6536.0	4.541854442999266	1.0	561607	283490
2017	171	1.0749048516406057E9	14882.0	7164.0	4.643322254629299	1.0	577511	267663
2017	172	1.388337168229209E9	22487.72499999999	5164.0	4.289784666357351	1.0	581341	277042
2017	173	1.1180747665481656E9	5430.0	3832.0	3.972905925283886	1.0	541053	276421
2017	174	8.996931903487016E8	11206.704999999998	5080.0	3.8902200457405867	1.0	499114	249748
2017	175	9.844676737738411E8	12228.0	5952.0	3.8399457541049626	1.0	439292	213269
2017	176	1.211417537164384E9	5430.0	4942.0	3.745531294468275	1.0	398662	192208
2017	177	1.3394469930635033E9	5430.0	7268.0	4.057053276414844	1.0	521414	262368
2017	178	1.074148565339384E9	12598.0	7970.0	4.142634985665295	1.0	555269	262568
2017	179	1.1625699962125826E9	22752.605000000007	8050.0	3.7010182732588355	1.0	537409	273152
2017	180	1.1364818083335905E9	31253.890000000003	5536.0	3.7381266419442536	1.0	489656	243281
2017	181	1.3950981122433963E9	5430.0	7776.0	4.4619218691120555	1.0	502665	253517
2017	182	9.583094754701333E8	5430.0	6452.0	4.532155141882808	1.0	430284	214246
2017	183	1.0029967568209387E9	7261.385000000002	5418.0	3.5448418299694717	1.0	406129	194312
2017	184	1.0865832906039364E9	5430.0	9156.0	3.7191503250903937	1.0	500676	259422
2017	185	8.519174570025494E8	5430.0	12510.0	4.124641388359308	1.0	555543	262391
2017	186	1.091283344995004E9	12455.045000000002	11000.0	3.804478362149268	1.0	476541	232866
2017	187	9.341814513794715E8	5430.0	5082.0	4.044231363227307	1.0	482620	236052
2017	188	1.0836012980480537E9	11325.625	9124.0	4.716496454533485	1.0	545363	241224
2017	189	1.3475003674432316E9	7208.200000000004	9150.0	3.5100669924121517	1.0	412766	204812
2017	190	1.2401127429483361E9	7288.0	9560.0	2.957595556409287	1.0	405811	191421
2017	191	1.2280019230448847E9	10913.275	10116.0	3.3213124922214403	1.0	580425	262464
2017	192	1.0458767340683049E9	10953.0	7388.0	4.0378902339120435	1.0	553267	260732
2017	193	1.0279795205648556E9	10746.6	12538.0	3.838434016888775	1.0	515658	260914
2017	194	1.0705793770280205E9	12079.900000000001	3824.0	3.5934320279419167	1.0	483803	241277
2017	195	1.0712776357164615E9	19791.635	8752.0	3.8971488651111796	1.0	476785	233978
2017	196	8.527844129574815E8	5430.0	7594.0	3.3554063145534223	1.0	421505	210683
2017	197	1.0343522259792931E9	11138.93	6996.0	4.222201521029004	1.0	404886	201398
2017	198	1.185157954100858E9	10549.0	10070.0	3.6614493379372446	1.0	491791	242249
2017	199	9.84087675834003E8	14454.115	9528.0	4.167115708660427	1.0	551387	253092
2017	200	9.700165866556424E8	15000.0	6032.0	3.799699144564102	1.0	519119	257216
2017	201	1.018766266262341E9	20000.0	10978.0	4.263754289948198	1.0	508947	249054
2017	202	8.420073535134256E8	4088.4799999999987	7632.0	5.580813741765796	1.0	509566	253607
2017	203	8.242716176586618E8	5430.0	8774.0	4.142907633265947	1.0	413115	209593
2017	204	9.254824839937186E8	10949.800000000001	8714.0	3.986045344588711	1.0	367116	185919
2017	205	9.641359836213269E8	10640.0	10862.0	4.563059353495277	1.0	465172	239521
2017	206	3.3256614708930926E9	10640.0	9996.0	4.417098660857108	1.0	527120	247282
2017	207	1.2754491225498047E9	12138.064999999997	6440.0	3.7331818504187395	1.0	447469	234296
2017	208	1.0600658364047364E9	12654.455000000002	10288.0	4.27333710432074	1.0	439291	229516
2017	209	1.9384617564634957E9	5430.0	11126.0	4.400426897407333	1.0	496579	253460
2017	210	2.724664019723422E9	5430.0	7152.0	3.5541670504019693	1.0	388166	192813
2017	211	3.5073089362646766E9	10096.64	8268.0	3.558993387473883	1.0	429391	207431
2017	212	1.4517992524974692E9	4236.684999999998	8388.0	3.1958124254260225	1.0	423575	203786
2017	213	1.778938705422401E9	4000.0	5220.0	4.419598213889446	1.0	302943	129963
2017	214	1.2478839508342047E9	2730.0	4546.0	4.55276214007969	1.0	419522	216957
2017	215	9.785067778419713E8	2730.0	9526.0	4.330907139199379	1.0	439913	223563
2017	216	1.0276222943136102E9	7770.57	6530.0	4.388780081204193	1.0	471838	236856
2017	217	7.983538201272957E8	4000.0	11648.0	4.7145155309631726	1.0	441458	228696
2017	218	8.710942734172237E8	5239.75	4214.0	4.528015433900985	1.0	417935	203349
2017	219	1.0110870666158869E9	3867.7999999999993	4910.0	5.17242638192313	1.0	564830	265519
2017	220	9.518512594365838E8	2730.0	10606.0	5.443250421801202	1.0	565990	270033
2017	221	8.954703193308475E8	6552.15	4698.0	5.008455711223161	1.0	530265	260645
2017	222	1.1938877918416197E9	5430.0	4120.0	5.7110015250526915	1.0	561221	262777
2017	223	1.0778786627789881E9	5430.0	3252.0	6.2352276242551135	1.0	538287	265441
2017	224	8.966883717771913E8	5000.0	3574.0	6.355628568839237	1.0	542933	269928
2017	225	8.838362961642846E8	2730.0	9308.0	5.929226246217333	1.0	547601	264361
2017	226	1.1113688106269987E9	5519.520000000001	4228.0	7.171054001610732	1.0	540304	262543
2017	227	8.515333097055049E8	13507.49	13222.0	6.427233471662884	1.0	636998	309782
2017	228	1.0251651625585346E9	13214.444999999998	7494.0	6.262621439337664	1.0	576130	295142
2017	229	7.582967429177963E8	10216.92	12510.0	6.206618150032318	1.0	606099	343955
2017	230	9.136475982248358E8	11550.619999999999	11310.0	6.142412145718774	1.0	575064	290376
2017	231	9.136120776822708E8	5507.42	9062.0	5.741217200805365	1.0	499047	253913
2017	232	8.025691213392749E8	8058.4800000000005	9522.0	6.93915038423384	1.0	472359	218295
2017	233	1.0719693999013417E9	5460.0	6732.0	10.542060672314543	1.0	479736	235472
2017	234	9.79031411595487E8	5460.0	3302.0	7.56486653921795	1.0	459450	217571